.Random.seed <-
c(403L, 10L, -1155855501L, -1422975599L, 2045575104L, 1280629150L, 
1453507433L, 1487771547L, 1360215722L, 836802764L, 1512237455L, 
165125573L, -686308996L, -1216130606L, 1547103565L, 41177095L, 
1623408622L, 567641800L, -1286800949L, -258085847L, 1127922296L, 
-556750938L, -2006044223L, 1762551379L, 1256336642L, -645669836L, 
-626590281L, -1652780627L, 274379460L, 1830692586L, -2115827371L, 
1704369903L, 1619516662L, 46648352L, 1040928227L, -1506824575L, 
-840660752L, -230881394L, 1648212217L, -1235737973L, 227418810L, 
-1283551812L, -1024411905L, 439302741L, 1311735148L, -479660606L, 
-718064099L, -123851113L, 388638718L, 1114420152L, 448999323L, 
-79825415L, -529500856L, -85458826L, -552211023L, -497429533L, 
-959606606L, -962888444L, -1139302841L, -1083479779L, 1722378132L, 
683076410L, -244877435L, -155245473L, -249450778L, 318002544L, 
-2031116653L, -1079843023L, -778281504L, -908326274L, 1390057737L, 
-960677061L, -1889561846L, 420199148L, 66533231L, 1726904485L, 
-1812106660L, 191988274L, -1931171539L, 1914712039L, 32823054L, 
-610072344L, 750525163L, 1651061641L, -833859816L, -607931834L, 
1860792993L, 1267397939L, -302379870L, 2093474708L, 311491095L, 
-452428275L, -584066268L, 1585989386L, -558511499L, 712096207L, 
1616446166L, 573073024L, 1984850115L, -1888434591L, 1327570640L, 
1564510254L, 345718233L, -230137365L, -1114577830L, -1061986788L, 
1584361247L, 2017215349L, 468838924L, 1811377122L, 1779865789L, 
-1768552649L, -1434726434L, -134316776L, 601804923L, -2015672807L, 
256274088L, -651092906L, -524044079L, 958751875L, 1899824914L, 
-313122140L, 1772023399L, 1237475261L, -998878924L, 250991258L, 
1176277221L, -2066247041L, 1343249414L, -842322032L, 642273843L, 
-141866543L, -1050797184L, 85775966L, -936473175L, -2103632805L, 
969114730L, 1811741964L, -180248753L, -2095195131L, -1060977988L, 
385553298L, -1908977523L, 2069882567L, -36311122L, 965745160L, 
952917515L, 1927239401L, -1949650504L, -1382625690L, -1806365951L, 
-886481517L, 438400578L, 629844468L, 1961595895L, 2054350829L, 
-1219723132L, 1320703658L, 904203285L, 1007664303L, 1534161590L, 
-1393282848L, -1914733533L, -397049023L, 207687216L, -1127961522L, 
-1621302087L, 1671913675L, 1945111930L, 653807740L, -383060801L, 
-762543723L, -408385108L, 1214225282L, 2096996701L, -1973182377L, 
1090467646L, -1756872840L, -404941733L, -738090055L, 1333092872L, 
-1329428298L, 316420081L, 298949155L, -123268494L, -394524476L, 
-1152770425L, 55039581L, 1985640532L, -2085778822L, -1049136699L, 
1523917599L, 320343718L, -1649696720L, -664042797L, 245053681L, 
1028670496L, -699972930L, 1059137225L, -1819351941L, -1226843574L, 
1896963756L, -1779983953L, -1213402779L, -1732894948L, 1998406514L, 
2011709421L, -2131775449L, -1629067186L, -1413690200L, 578036395L, 
-587733047L, 752212952L, 2077043334L, -1501361311L, 604622579L, 
28709218L, -1815392300L, 1580751575L, 591880397L, 469653604L, 
-1787906486L, -1718582347L, -1928143089L, -1723868138L, -597514560L, 
-1295761277L, -1850082143L, 1426576016L, 998224L, -1351384798L, 
-1372201656L, 1489827852L, -692897700L, 917152978L, -1531164672L, 
1006893908L, -845733400L, 742660090L, 292984528L, -947788500L, 
-815298316L, 1834534802L, -1741194144L, 1659829516L, 2112571104L, 
-1704043166L, -331169112L, -2074551732L, 2063415164L, 593029938L, 
-1439383952L, -1680065212L, 1694792664L, -1933979526L, -931748304L, 
130484924L, 462776148L, 2036259394L, -989353056L, 1911851196L, 
-131718704L, -1671838366L, 1423823848L, -1366853684L, -1837877508L, 
-1374498830L, -1156653952L, -1200563980L, 837743752L, 192177466L, 
-1101741232L, -189854612L, 1615151252L, -277636782L, -44777760L, 
1561555148L, -92538720L, -195839614L, 2026420456L, -1260685076L, 
1928083516L, -1365507982L, 108849264L, -1751694812L, 540803640L, 
-1402729958L, -775851824L, 1530033724L, 845073556L, -1273932670L, 
442599360L, 521809212L, 599334544L, -1352256478L, 938676232L, 
-2105205620L, -1197375460L, -1145731950L, 1194404992L, 1977394196L, 
-382606552L, 2098508858L, 2049780944L, 458560620L, 178337460L, 
425443346L, -710934560L, -2079331380L, -1112924704L, 1705659426L, 
871830824L, -1439467252L, -192000452L, 2101331186L, 9574640L, 
42702660L, -1302310824L, -90217926L, 1350568176L, 1939153596L, 
64473620L, 1331039426L, -2091182496L, 190899580L, -293100336L, 
-144501726L, -1377408856L, 610311564L, -117505604L, -444282830L, 
2042975040L, -2078630220L, -600305336L, 1870762682L, -1165041904L, 
615768300L, -216057772L, -931838190L, 1964130720L, -1118787636L, 
-1289511072L, -261878590L, -1281765848L, -799184468L, 974725948L, 
1603650418L, -203747536L, -606429148L, -483172808L, 359281370L, 
816461712L, 372921596L, -1317802604L, -1198030014L, -663614976L, 
-890877892L, -905239984L, -257679198L, 177464136L, 1369946636L, 
1539431132L, -1463832494L, -868086656L, 839829332L, 1645092840L, 
-1199366L, 685811536L, 933807148L, 1592363380L, 1450200722L, 
1742094944L, 1692512396L, -436809376L, 468908258L, 1807215784L, 
-2084260148L, 1300822524L, -898798670L, -206978064L, 2041758148L, 
-213451432L, 805155194L, 260125104L, 58632636L, -829825452L, 
2047621570L, -2038652128L, -209906756L, 237973584L, -1833559070L, 
-624083096L, -1642875060L, 1811279612L, 1479649010L, -1929503488L, 
1290067060L, 1210240520L, -78502470L, 124708304L, 1612834796L, 
-201577580L, -586250030L, -334842784L, -576098996L, 1192940320L, 
-1613034878L, -678342168L, -527672340L, -387953092L, 556418674L, 
1100950384L, -1346360028L, 120855096L, 2026897818L, -1459540528L, 
-1165867588L, 1357098644L, 1554723458L, -513364544L, -34859204L, 
1973813904L, 996632354L, -812546552L, -396860660L, -1820355684L, 
-902161390L, 1361456000L, 428206868L, 250148136L, -713523142L, 
511783888L, 1810709100L, -1254814668L, -1538756462L, 406673760L, 
-1873470132L, -1867172384L, -379200606L, -95700056L, 247508108L, 
237462460L, 40522866L, -6101008L, -1807158204L, -140285864L, 
1162514490L, -1649710992L, -1956950468L, 1741932308L, -1968608574L, 
1869583072L, -248019844L, 1767943376L, -1862515806L, -2103476696L, 
389069618L, 565967239L, -163799087L, -1147055786L, -394948812L, 
-59035067L, -157180273L, -112044024L, -1052578778L, -985930541L, 
815654453L, 1369660818L, -1072651936L, -1387480887L, -99148805L, 
-617178164L, 97637978L, 1402977103L, -1270500839L, 1376735278L, 
621157948L, -1138224211L, -1207362473L, 476666272L, 855704318L, 
1998557643L, -776022067L, -1685742854L, 2064122168L, -1560483103L, 
-1903420013L, -441956940L, -859695422L, 1842312919L, 79853345L, 
1592913638L, -563435548L, 636098325L, -217575617L, 948906712L, 
766807798L, -1789482749L, -602867131L, 1295743586L, 2049972688L, 
146786041L, -838495189L, -437431396L, -1309013046L, 1854751935L, 
985392649L, 482783006L, 2036487884L, 1547024029L, 621675303L, 
718220624L, 804672494L, 141417627L, -1015990531L, -1293959702L, 
2018659976L, 497186865L, 872137379L, -1386214748L, 1342200658L, 
1875325607L, 1450643185L, 819322422L, -1633041708L, 7640677L, 
2112504943L, -1037943128L, -325346298L, -1791547085L, 76756373L, 
-57009678L, 762402368L, -1746045015L, -1519420901L, 1885557740L, 
-1960463366L, -1772273617L, 1539600441L, 1096876622L, -1909996900L, 
-2034317299L, 1651233911L, -1502509952L, -489631010L, 904429995L, 
1593785005L, -1453678822L, 744079320L, -796586943L, -714704141L, 
-2010235628L, -1460860766L, 351552951L, -601564799L, -1872240762L, 
-1357853244L, 1483517173L, 2132985183L, 2099505080L, -993408362L, 
-348359517L, -1393832347L, -537019518L, -1955890960L, 1283055769L, 
1037580427L, 1865228668L, -1540595798L, 744300511L, -498446999L, 
1310634366L, 698458476L, -315418179L, -205174137L, 632098416L, 
-791194354L, -1593427397L, 535494941L, -1833421878L, -58938136L, 
1553567697L, -365747773L, 717556420L, -1079031438L, 1351619655L, 
653572113L, -1586519658L, 947975412L, 151453317L, -499820593L, 
-880781624L, 508727142L, 2095183251L, 648382197L, -1089067310L, 
1571123488L, -1964252919L, 696075835L, -1888543860L, -984024550L, 
-304985457L, 644371929L, 684669550L, 2125441532L, 384748397L, 
